time,azimuth,altitude
0:00,339.88833576479306,-60.686675285835584
0:01,340.346430493522,-60.7401887090467
0:02,340.80585442271786,-60.792515660339035
0:03,341.2665848021953,-60.84364936232642
0:04,341.7285982719576,-60.89358314594288
0:05,342.19187086640545,-60.94231045413129
0:06,342.65637801916785,-60.98982484551661
0:07,343.1220945685635,-61.03611999805908
0:08,343.5889947636957,-61.08118971268322
0:09,344.0570522711885,-61.125027916878196
0:10,344.52624018256313,-61.16762866826497
0:11,344.9965310222608,-61.208986158125796
0:12,345.4678967563109,-61.24909471489171
0:13,345.9403088016436,-61.28794880758307
0:14,346.4137380360475,-61.32554304919889
0:15,346.88815480876576,-61.36187220005017
0:16,347.3635289517321,-61.39693117103298
0:17,347.8398297914342,-61.430715026836346
0:18,348.31702616140467,-61.46321898908067
0:19,348.79508641532493,-61.494438439382165
0:20,349.27397844073766,-61.52436892233873
0:21,349.75366967335367,-61.55300614843328
0:22,350.234127111942,-61.58034599684959
0:23,350.7153173337888,-61.606384518197096
0:24,351.1972065107127,-61.6311179371402
0:25,351.67976042561554,-61.654542654927965
0:26,352.16294448955546,-61.67665525182053
0:27,352.6467237593217,-61.697452489408484
0:28,353.13106295548977,-61.71693131282127
0:29,353.61592648093836,-61.73508885282142
0:30,354.1012784398022,-61.75192242778109
0:31,354.5870826568416,-61.76742954553794
0:32,355.07330269719927,-61.78160790512705
0:33,355.55990188652294,-61.79445539838646
0:34,356.04684333142416,-61.80597011143324
0:35,356.5340899402479,-61.81615032600804
0:36,357.0216044441237,-61.824994520685834
0:37,357.5093494182689,-61.83250137195064
0:38,357.9972873035165,-61.83866975513273
0:39,358.485380428034,-61.84349874520648
0:40,358.97359102920575,-61.846987617447816
0:41,359.4618812756445,-61.84913584794983
0:42,359.95021328930454,-61.84994311399603
0:43,0.43854916765963026,-61.849409294290325
0:44,0.9268510059183939,-61.847534469043566
0:45,1.4150809192410634,-61.84431891991627
0:46,1.9032010649300162,-61.839763129817904
0:47,2.3911736645563053,-61.83386778256283
0:48,2.878961025996091,-61.8266337623836
0:49,3.366525565340879,-61.8180621533024
0:50,3.8538298286531756,-61.80815423836163
0:51,4.340836513534924,-61.79691149871517
0:52,4.827508490479232,-61.78433561258132
0:53,5.313808823975563,-61.77042845405987
0:54,5.799700793338644,-61.75519209181451
0:55,6.285147913233459,-61.73862878762346
0:56,6.770113953867593,-61.72074099480005
0:57,7.254562960826263,-61.70153135648644
0:58,7.738459274521318,-61.68100270382273
0:59,8.221767549232254,-61.65915805399474
1:00,8.704452771712482,-61.63600060816361
1:01,9.186480279342021,-61.61153374928029
1:02,9.66781577780111,-61.585761039788544
1:03,10.148425358246499,-61.558686219220085
1:04,10.628275513971602,-61.530313201685644
1:05,11.107333156531354,-61.50064607326545
1:06,11.585565631316115,-61.469689089303955
1:07,12.062940732558701,-61.43744667161183
1:08,12.53942671776204,-61.403923405580365
1:09,13.014992321532304,-61.369124037211954
1:10,13.489606768809352,-61.33305347007138
1:11,13.963239787481683,-61.295716762162115
1:12,14.435861620380194,-61.257119122732185
1:13,14.907443036640899,-61.217265909014074
1:14,15.377955342433495,-61.17616262290325
1:15,15.847370391047832,-61.13381490757996
1:16,16.31566059233961,-61.09022854407866
1:17,16.78279892152969,-61.04540944780977
1:18,17.248758927357443,-60.999363665038395
1:19,17.71351473959035,-60.952097369324505
1:20,18.177041075889605,-60.903616857928874
1:21,18.639313248035734,-60.853928548189685
1:22,19.10030716751831,-60.80303897387383
1:23,19.559999350495588,-60.75095478150743
1:24,20.018366922129132,-60.69768272668999
1:25,20.475387620301717,-60.64322967039624
1:26,20.9310397987266,-60.587602575269884
1:27,21.38530242945751,-60.53080850191345
1:28,21.838155104808806,-60.472854605178014
1:29,22.28957803869818,-60.4137481304568
1:30,22.739552067420675,-60.35349640998662
1:31,23.188058649870555,-60.29210685916032
1:32,23.635079867220554,-60.229586972854364
1:33,24.08059842207311,-60.16594432177471
1:34,24.524597637099305,-60.10118654882425
1:35,24.967061453177934,-60.035321365495236
1:36,25.407974427051528,-59.96835654828968
1:37,25.84732172851389,-59.90029993517044
1:38,26.285089137146258,-59.83115942204643
1:39,26.72126303861677,-59.7609429592938
1:40,27.155830420560733,-59.68965854831651
1:41,27.588778868058455,-59.61731423814803
1:42,28.02009655872672,-59.54391812209695
1:43,28.449772257441566,-59.46947833443833
1:44,28.87779531070899,-59.394003047153056
1:45,29.30415564070077,-59.31750046671697
1:46,29.728843738972444,-59.239978830941645
1:47,30.151850659880694,-59.16144640586822
1:48,30.57316801371593,-59.08191148271622
1:49,30.99278795956917,-59.00138237488828
1:50,31.410703197947242,-58.91986741503242
1:51,31.826906963153903,-58.83737495216283
1:52,32.24139301545384,-58.75391334884026
1:53,32.654155633035,-58.66949097841262
1:54,33.06518960378426,-58.58411622231736
1:55,33.47449021689252,-58.497797467445295
1:56,33.88205325430519,-58.41054310356741
1:57,34.28787498203175,-58.32236152082431
1:58,34.69195214132861,-58.23326110727938
1:59,35.09428193977152,-58.14325024653543
2:00,35.49486204222799,-58.05233731541537
2:01,35.89369056174715,-57.960530681706594
2:02,36.290766050375964,-57.867838701969575
2:03,36.686087489917384,-57.77426971941028
2:04,37.07965428264089,-57.67983206181631
2:05,37.47146624195861,-57.584534039556594
2:06,37.86152358307652,-57.488383943644266
2:07,38.249826913633285,-57.39139004386253
2:08,38.63637722433714,-57.293560586952644
2:09,39.02117587960916,-57.194903794864246
2:10,39.40422460824459,-57.09542786306675
2:11,39.785525494100284,-56.995140958921716
2:12,40.1650809668175,-56.894051220115145
2:13,40.54289379258796,-56.792166753149445
2:14,40.91896706497181,-56.68949563189394
2:15,41.29330419577465,-56.586045896193156
2:16,41.66590890598934,-56.48182555053268
2:17,42.03678521681334,-56.37684256276043
2:18,42.40593744074286,-56.271104862864
2:19,42.77337017275326,-56.16462034180203
2:20,43.13908828156988,-56.057396850389146
2:21,43.50309690103515,-55.94944219823344
2:22,43.86540142157614,-55.840764152725306
2:23,44.2260074817774,-55.73137043807701
2:24,44.58492096006336,-55.62126873441163
2:25,44.94214796649385,-55.510466676900464
2:26,45.297694834676946,-55.3989718549477
2:27,45.65156811380061,-55.28679181142186
2:28,46.003774560787946,-55.17393404193203
2:29,46.35432113257798,-55.060405994148724
2:30,46.70321497853362,-54.94621506716769
2:31,47.050463432979456,-54.83136861091597
2:32,47.39607400787193,-54.71587392559868
2:33,47.74005438560144,-54.599738261186154
2:34,48.08241241192965,-54.48296881693962
2:35,48.42315608906179,-54.365572740975
2:36,48.76229356885568,-54.24755712986322
2:37,49.099833146167526,-54.12892902826636
2:38,49.435783252334886,-54.00969542860856
2:39,49.77015244879743,-53.889863270780545
2:40,50.10294942085585,-53.76943944187661
2:41,50.434182971567964,-53.648430775963405
2:42,50.76386201578211,-53.52684405387939
2:43,51.09199557430796,-53.404686003063794
2:44,51.41859276822319,-53.28196329741435
2:45,51.74366281331669,-53.158682557172625
2:46,52.06721501466561,-53.034850348836315
2:47,52.38925876134758,-52.91047318509722
2:48,52.709803521285224,-52.785557524804126
2:49,53.028858836222426,-52.66010977294994
2:50,53.346434316831406,-52.53413628068179
2:51,53.66253963794911,-52.407643345333554
2:52,53.977184533941255,-52.28063721047965
2:53,54.290378794192804,-52.153124066009674
2:54,54.60213225872309,-52.025110048222864
2:55,54.91245481392427,-51.89660123994125
2:56,55.22135638842154,-51.76760367064141
2:57,55.52884694905241,-51.63812331660361
2:58,55.83493649696453,-51.50816610107757
2:59,56.13963506382943,-51.37773789446453
3:00,56.44295270817079,-51.24684451451423
3:01,56.74489951180472,-51.11549172653698
3:02,57.045485576391,-50.983685243629346
3:03,57.34472102009285,-50.85143072691323
3:04,57.64261597434266,-50.71873378578782
3:05,57.939180580713156,-50.58559997819334
3:06,58.23442498789075,-50.45203481088642
3:07,58.52835934874963,-50.3180437397263
3:08,58.820993817524524,-50.18363216997124
3:09,59.112338547079645,-50.04880545658515
3:10,59.402403686273175,-49.91356890455257
3:11,59.69119937741361,-49.777927769203224
3:12,59.97873575380662,-49.64188725654439
3:13,60.26502293739122,-49.50545252360098
3:14,60.550071036461574,-49.36862867876304
3:15,60.83389014347466,-49.23142078213967
3:16,61.11649033293932,-49.093833845920024
3:17,61.39788165938714,-48.95587283473935
3:18,61.6780741554216,-48.81754266605109
3:19,61.9570778298439,-48.678848210504164
3:20,62.234902665854634,-48.53979429232452
3:21,62.51155861932767,-48.40038568970152
3:22,62.78705561715584,-48.26062713517809
3:23,63.06140355566613,-48.120523316044476
3:24,63.334612299101906,-47.98007887473566
3:25,63.6066916781721,-47.839298409231255
3:26,63.87765148866373,-47.69818647345849
3:27,64.14750149011675,-47.55674757769752
3:28,64.41625140456017,-47.41498618898876
3:29,64.68391091530684,-47.27290673154215
3:30,64.95048966580568,-47.13051358714785
3:31,65.21599725854952,-46.987811095588555
3:32,65.48044325403781,-46.844803555052465
3:33,65.74383716979118,-46.70149522254731
3:34,66.00618847941713,-46.55789031431525
3:35,66.26750661172616,-46.41399300624765
3:36,66.52780094989494,-46.26980743430052
3:37,66.78708083067698,-46.12533769490968
3:38,67.04535554365829,-45.98058784540582
3:39,67.3026343305564,-45.83556190442943
3:40,67.55892638456328,-45.69026385234465
3:41,67.81424084972802,-45.54469763165292
3:42,68.06858682038028,-45.39886714740558
3:43,68.32197334059204,-45.25277626761549
3:44,68.57440940367674,-45.10642882366764
3:45,68.82590395172524,-44.95982861072793
3:46,69.0764658751755,-44.81297938815162
3:47,69.32610401241759,-44.665884879888964
3:48,69.57482714943067,-44.518548774890064
3:49,69.82264401945123,-44.370974727507935
3:50,70.06956330267293,-44.223166357899174
3:51,70.31559362597497,-44.07512725242325
3:52,70.56074356267958,-43.92686096403943
3:53,70.80502163233673,-43.778371012701555
3:54,71.04843630053513,-43.629660885751086
3:55,71.29099597873966,-43.480734038306956
3:56,71.53270902415255,-43.3315938936539
3:57,71.77358373959878,-43.182243843627916
3:58,72.01362837343427,-43.03268724899936
3:59,72.25285111947595,-42.88292743985365
4:00,72.49126011695387,-42.73296771596869
4:01,72.72886345048201,-42.58281134719083
4:02,72.96566915005094,-42.432461573806734
4:03,73.20168519103764,-42.28192160691358
4:04,73.43691949423408,-42.13119462878592
4:05,73.67137992589353,-41.9802837932397
4:06,73.90507429779282,-41.82919222599397
4:07,74.13801036731147,-41.67792302502887
4:08,74.37019583752583,-41.52647926094122
4:09,74.60163835731765,-41.374863977297345
4:10,74.83234552149771,-41.223080190982124
4:11,75.0623248709421,-41.07113089254595
4:12,75.29158389274181,-40.91901904654814
4:13,75.5201300203648,-40.76674759189746
4:14,75.74797063382955,-40.614319442189775
4:15,75.97511305989082,-40.461737486042146
4:16,76.20156457223459,-40.30900458742478
4:17,76.42733239168523,-40.1561235859888
4:18,76.65242368642105,-40.00309729739183
4:19,76.87684557219964,-39.84992851362024
4:20,77.10060511259263,-39.696620003307906
4:21,77.32370931922767,-39.5431745120528
4:22,77.54616515204003,-39.38959476272948
4:23,77.76797951953041,-39.23588345579928
4:24,77.98915927903062,-39.0820432696173
4:25,78.20971123697616,-38.9280768607359
4:26,78.42964214918523,-38.77398686420563
4:27,78.64895872114359,-38.61977589387293
4:28,78.8676676082951,-38.46544654267495
4:29,79.08577541633828,-38.31100138293114
4:30,79.3032887015276,-38.15644296663173
4:31,79.52021397097882,-38.00177382572409
4:32,79.73655768298048,-37.846996472394636
4:33,79.95232624730798,-37.692113399349125
4:34,80.16752602554233,-37.537127080089284
4:35,80.3821633313924,-37.38203996918677
4:36,80.59624443102045,-37.22685450255407
4:37,80.8097755433708,-37.07157309771267
4:38,81.02276284050154,-36.91619815405815
4:39,81.2352124479182,-36.76073205312285
4:40,81.44713044491097,-36.605177158834906
4:41,81.65852286489302,-36.449535817775306
4:42,81.86939569574125,-36.293810359431724
4:43,82.07975488013886,-36.13800309644959
4:44,82.2896063159191,-35.98211632488064
4:45,82.49895585641117,-35.82615232442824
4:46,82.70780931078603,-35.670113358690855
4:47,82.91617244440472,-35.514001675401765
4:48,83.12405097916646,-35.35781950666697
4:49,83.33145059385771,-35.2015690692002
4:50,83.53837692450199,-35.045252564555035
4:51,83.7448355647098,-34.888872179354884
4:52,83.95083206602907,-34.732430085519944
4:53,84.1563719382952,-34.57592844049209
4:54,84.36146064998141,-34.41936938745699
4:55,84.56610362854936,-34.26275505556343
4:56,84.77030626079849,-34.106087560140814
4:57,84.97407389321577,-33.94936900291371
4:58,85.17741183232452,-33.79260147221417
4:59,85.38032534503279,-33.63578704319168
5:00,85.5828196589811,-33.47892777802057
5:01,85.78489996288876,-33.32202572610542
5:02,85.98657140690032,-33.16508292428363
5:03,86.1878391029301,-33.008101397026124
5:04,86.3887081250059,-32.8510831566356
5:05,86.58918350961171,-32.69403020344263
5:06,86.78927025602896,-32.536944525999374
5:07,86.98897332667646,-32.379828101271215
5:08,87.18829764744919,-32.22268289482618
5:09,87.38724810805498,-32.065510861022375
5:10,87.58582956235044,-31.90831394319295
5:11,87.78404682867499,-31.751094073829087
5:12,87.98190469018282,-31.593853174761218
5:13,88.17940789517377,-31.436593157337757
5:14,88.37656115742192,-31.279315922602123
5:15,88.57336915650289,-31.12202336146746
5:16,88.76983653811872,-30.964717354889665
5:17,88.96596791442111,-30.807399774038323
5:18,89.16176786433304,-30.65007248046545
5:19,89.35724093386753,-30.492737326273023
5:20,89.55239163644526,-30.335396154277763
5:21,89.74722445320963,-30.178050798174656
5:22,89.94174383333976,-30.0207030826984
5:23,90.1359541943616,-29.86335482378296
5:24,90.32985992245636,-29.706007828719702
5:25,90.52346537276755,-29.548663896313055
5:26,90.71677486970493,-29.39132481703511
5:27,90.90979270724687,-29.233992373178065
5:28,91.10252314924001,-29.076668339005163
5:29,91.29497042969697,-28.919354480899795
5:30,91.48713875309151,-28.762052557512963
5:31,91.67903229465128,-28.604764319909314
5:32,91.8706552006486,-28.447491511711146
5:33,92.06201158868882,-28.29023586924092
5:34,92.25310554799569,-28.13299912166253
5:35,92.44394113969516,-27.975782991120578
5:36,92.63452239709626,-27.818589192878267
5:37,92.82485332596988,-27.661419435453737
5:38,93.01493790482466,-27.504275420755043
5:39,93.20478008518143,-27.347158844213087
5:40,93.3943837918435,-27.190071394914217
5:41,93.58375292316678,-27.033014755729766
5:42,93.77289135132537,-26.87599060344564
5:43,93.96180292257597,-26.7190006088896
5:44,94.15049145751921,-26.56204643705755
5:45,94.33896075135894,-26.405129747238117
5:46,94.52721457415875,-26.248252193136242
5:47,94.71525667109611,-26.091415422995123
5:48,94.90309076271426,-25.934621079716873
5:49,95.09072054517125,-25.777870800982015
5:50,95.27814969048687,-25.621166219367524
5:51,95.4653818467869,-25.464508962463622
5:52,95.65242063854481,-25.30790065298952
5:53,95.8392696668218,-25.15134290890721
5:54,96.02593250950294,-24.99483734353512
5:55,96.21241272153199,-24.838385565659692
5:56,96.39871383514377,-24.68198917964588
5:57,96.58483936009344,-24.52564978554675
5:58,96.77079278388376,-24.36936897921173
5:59,96.95657757198984,-24.213148352393688
6:00,97.1421971680816,-24.05698949285485
6:01,97.32765499424332,-23.90089398447182
6:02,97.51295445119156,-23.744863407339075
6:03,97.69809891849002,-23.58889933787163
6:04,97.88309175476232,-23.43300334890651
6:05,98.06793629790224,-23.27717700980332
6:06,98.25263586528163,-23.121421886543487
6:07,98.43719375395582,-22.96573954182876
6:08,98.62161324086732,-22.810131535178066
6:09,98.80589758304569,-22.654599423024475
6:10,98.99005001780694,-22.499144758809713
6:11,99.17407376294908,-22.343769093078826
6:12,99.35797201694619,-22.1884739735732
6:13,99.54174795913956,-22.033260945323114
6:14,99.72540474992704,-21.87813155073879
6:15,99.90894553095005,-21.723087329700647
6:16,100.09237342527743,-21.56812981964925
6:17,100.27569153758849,-21.41326055567309
6:18,100.45890295435248,-21.25848107059652
6:19,100.64201074400646,-21.10379289506629
6:20,100.8250179571306,-20.94919755763729
6:21,101.00792762662152,-20.794696584857345
6:22,101.19074276786294,-20.640291501351328
6:23,101.37346637889505,-20.48598382990375
6:24,101.55610144057992,-20.331775091541807
6:25,101.73865091676684,-20.17766680561591
6:26,101.9211177544537,-20.023660489880736
6:27,102.10350488394734,-19.86975766057456
6:28,102.28581521902092,-19.71595983249833
6:29,102.46805165706942,-19.562268519093738
6:30,102.65021707926351,-19.40868523252008
6:31,102.83231435070005,-19.25521148373122
6:32,103.01434632055165,-19.101848782550782
6:33,103.19631582221353,-18.948598637747132
6:34,103.37822567344843,-18.79546255710738
6:35,103.56007867652897,-18.642442047510787
6:36,103.7418776183786,-18.489538615001262
6:37,103.92362527070998,-18.33675376485902
6:38,104.10532439016147,-18.184089001671694
6:39,104.2869777184315,-18.03154582940452
6:40,104.46858798241065,-17.87912575147012
6:41,104.6501578943121,-17.726830270797073
6:42,104.83169015180007,-17.57466088989783
6:43,105.01318743811535,-17.422619110936626
6:44,105.19465242219991,-17.27070643579569
6:45,105.37608775881907,-17.118924366141197
6:46,105.55749608868099,-16.96727440348901
6:47,105.73888003855556,-16.815758049268595
6:48,105.92024222139007,-16.66437680488726
6:49,106.10158523642343,-16.51313217179327
6:50,106.28291166929834,-16.362025651538328
6:51,106.46422409217146,-16.2110587458395
6:52,106.64552506382164,-16.060232956640274
6:53,106.8268171297564,-15.909549786171018
6:54,107.00810282231603,-15.759010737008945
6:55,107.18938466077601,-15.608617312137376
6:56,107.37066515144765,-15.458371015004097
6:57,107.55194678777681,-15.308273349579146
6:58,107.73323205044014,-15.158325820412433
6:59,107.91452340744019,-15.008529932690042
7:00,108.09582331419847,-14.858887192290126
7:01,108.27713421364564,-14.70939910583876
7:02,108.45845853631164,-14.56006718076399
7:03,108.63979870041229,-14.410892925350325
7:04,108.82115711193504,-14.261877848791952
7:05,109.00253616472212,-14.113023461245886
7:06,109.18393824055258,-13.96433127388385
7:07,109.36536570922198,-13.81580279894407
7:08,109.54682092862052,-13.667439549782136
7:09,109.72830624480889,-13.519243040921635
7:10,109.90982399209314,-13.371214788103533
7:11,110.09137649309673,-13.22335630833574
7:12,110.27296605883186,-13.075669119941166
7:13,110.45459498876768,-12.928154742606274
7:14,110.63626557089806,-12.78081469742798
7:15,110.81798008180672,-12.633650506960514
7:16,110.99974078673054,-12.486663695261797
7:17,111.18154993962187,-12.339855787938598
7:18,111.36340978320817,-12.193228312191863
7:19,111.54532254905048,-12.046782796860757
7:20,111.72729045759982,-11.900520772466662
7:21,111.90931571825185,-11.75444377125633
7:22,112.09140052940002,-11.608553327244355
7:23,112.27354707848701,-11.462850976255078
7:24,112.45575754205365,-11.317338255964351
7:25,112.63803408578723,-11.172016705939969
7:26,112.82037886456745,-11.026887867681967
7:27,113.00279402251064,-10.881953284662295
7:28,113.18528169301251,-10.737214502363802
7:29,113.36784399878887,-10.592673068318696
7:30,113.55048305191521,-10.448330532146167
7:31,113.73320095386347,-10.304188445590146
7:32,113.9159997955387,-10.160248362555313
7:33,114.09888165731256,-10.016511839143542
7:34,114.28184860905611,-9.872980433689115
7:35,114.4649027101702,-9.729655706793876
7:36,114.64804600961473,-9.586539221361162
7:37,114.83128054593604,-9.443632542629633
7:38,115.01460834729252,-9.300937238206254
7:39,115.19803143147881,-9.158454878098679
7:40,115.38155180594778,-9.016187034747418
7:41,115.56517146783169,-8.874135283056585
7:42,115.74889240396125,-8.73230120042475
7:43,115.93271659088269,-8.590686366775026
7:44,116.11664599487378,-8.449292364584366
7:45,116.30068257195794,-8.308120778912299
7:46,116.48482826791661,-8.167173197429314
7:47,116.66908501830022,-8.026451210444156
7:48,116.85345474843744,-7.8859564109308495
7:49,117.03793937344287,-7.745690394554918
7:50,117.22254079822275,-7.605654759699191
7:51,117.40726091747949,-7.465851107488816
7:52,117.5921016157145,-7.326281041815568
7:53,117.77706476722935,-7.186946169361598
7:54,117.9621522361252,-7.047848099622637
7:55,118.14736587630057,-6.90898844493068
7:56,118.3327075314482,-6.770368820475365
7:57,118.51817903504944,-6.631990844325477
7:58,118.70378221036752,-6.4938561374494155
7:59,118.88951887043906,-6.355966323735085
8:00,119.07539081806442,-6.218323030008909
8:01,119.26139984579538,-6.080927886054893
8:02,119.44754773592297,-5.943782524631887
8:03,119.63383626046203,-5.806888581491138
8:04,119.82026718113538,-5.670247695392767
8:05,120.00684224935574,-5.533861508121583
8:06,120.19356320620658,-5.397731664502276
8:07,120.38043178242094,-5.2618598124138565
8:08,120.56744969835938,-5.126247602803384
8:09,120.75461866398533,-4.99089668969935
8:10,120.94194037884026,-4.855808730223567
8:11,121.12941653201621,-4.720985384603195
8:12,121.31704880212743,-4.586428316181492
8:13,121.50483885728003,-4.452139191428222
8:14,121.69278835504059,-4.318119679949044
8:15,121.88089894240301,-4.184371454494261
8:16,122.0691722557535,-4.0508961909671735
8:17,122.25760992083522,-3.917695568430907
8:18,122.44621355270996,-3.784771269115333
8:19,122.63498475571961,-3.652124978422677
8:20,122.82392512344504,-3.5197583849328304
8:21,123.01303623866445,-3.3876731804074045
8:22,123.20231967330972,-3.2558710597934075
8:23,123.39177698842167,-3.124353721225805
8:24,123.58140973410295,-2.993122866029998
8:25,123.77121944947108,-2.8621801987224083
8:26,123.96120766260856,-2.73152742701128
8:27,124.15137589051227,-2.6011662617961853
8:28,124.3417256390414,-2.4710984171668704
8:29,124.53225840286368,-2.341325610401275
8:30,124.72297566540071,-2.2118495619625675
8:31,124.91387889877095,-2.0826719954959847
8:32,125.10496956373275,-1.9537946378237954
8:33,125.29624910962445,-1.8252192189404977
8:34,125.48771897430444,-1.6969474720063562
8:35,125.67938058408873,-1.56898113334073
8:36,125.87123535368806,-1.4413219424140968
8:37,126.06328468614288,-1.3139716418395555
8:38,126.25552997275787,-1.186931977363039
8:39,126.44797259303438,-1.0602046978531163
8:40,126.64061391460152,-0.9337915552898868
8:41,126.83345529314681,-0.8076943047524503
8:42,127.02649807234478,-0.6819147044060361
8:43,127.21974358378421,-0.5564545154881692
8:44,127.41319314689439,-0.4313155022938259
8:45,127.60684806887059,-0.3064994321594024
8:46,127.80070964459676,-0.18200807544663494
8:47,127.99477915656902,-0.05784320552441561
8:48,128.18905787481617,0.06599340124933355
8:49,128.3835470568202,0.18949996554731818
8:50,128.57824794743442,0.3126747050929751
8:51,128.77316177880178,0.4355158346820623
8:52,128.9682897702709,0.5580215662047854
8:53,129.16363312831146,0.6801901086691685
8:54,129.35919304642823,0.8020196682250712
8:55,129.55497070507397,0.9235084481894297
8:56,129.75096727156162,1.0446546490725597
8:57,129.9471838999748,1.1654564686051294
8:58,130.14362173107756,1.2859121017664026
8:59,130.34028189222278,1.4060197408131834
9:00,130.5371654972603,1.5257775753103857
9:01,130.7342736464425,1.6451837921615267
9:02,130.93160742633057,1.7642365756415537
9:03,131.12916790969865,1.882934107429562
9:04,131.32695615543747,2.0012745666433855
9:05,131.52497320845671,2.1192561298745956
9:06,131.72322009958657,2.2368769712248575
9:07,131.92169784547858,2.354135262343359
9:08,132.12040744850532,2.4710291724652365
9:09,132.31934989665925,2.5875568684510077
9:10,132.5185261634503,2.7037165148269056
9:11,132.71793720780352,2.8195062738267853
9:12,132.91758397395554,2.9349243054348686
9:13,133.11746739134932,3.04996876742912
9:14,133.31758837452946,3.164637815426431
9:15,133.51794782303614,3.2789296029286015
9:16,133.71854662129786,3.392842281369018
9:17,133.9193856385246,3.506374000161309
9:18,134.12046572859927,3.6195229067483004
9:19,134.32178772996903,3.732287146652585
9:20,134.5233524655356,3.8446648635278176
9:21,134.72516074254546,3.9566541992115787
9:22,134.92721335247901,4.068253293778995
9:23,135.1295110709394,4.179460285597715
9:24,135.33205465754082,4.2902733113839515
9:25,135.53484485579602,4.400690506259527
9:26,135.73788239300376,4.510710003810364
9:27,135.94116798013587,4.620329936146037
9:28,136.14470231172305,4.729548433960114
9:29,136.34848606574138,4.838363626592225
9:30,136.5525199034979,4.946773642091
9:31,136.75680446951554,5.054776607277942
9:32,136.9613403914188,5.16237064781307
9:33,137.16612827981783,5.269553888261091
9:34,137.3711687281937,5.376324452159324
9:35,137.576462312782,5.482680462086223
9:36,137.78200959245754,5.588620039731597
9:37,137.98781110861808,5.694141305967687
9:38,138.1938673850686,5.799242380921625
9:39,138.40017892790468,5.903921384048852
9:40,138.60674622539682,6.008176434207888
9:41,138.81356974787383,6.11200564973631
9:42,139.02064994760758,6.215407148528026
9:43,139.22798725869583,6.3183790481111775
9:44,139.4355820969472,6.420919465728008
9:45,139.64343485976508,6.523026518415428
9:46,139.85154592603195,6.624698323086761
9:47,140.05991565599453,6.7259329966151125
9:48,140.26854439114808,6.82672865591732
9:49,140.47743245412252,6.927083418039764
9:50,140.68658014856712,7.02699540024463
9:51,140.89598775903713,7.126462720098045
9:52,141.10565555087987,7.225483495558894
9:53,141.31558377012206,7.324055845069243
9:54,141.525772643357,7.422177887645616
9:55,141.73622237763217,7.519847742971385
9:56,141.94693316033863,7.617063531490913
9:57,142.1579051590999,7.713823374504267
9:58,142.36913852166163,7.810125394263243
9:59,142.58063337578253,7.9059677140687965
10:00,142.79238982912614,8.001348458369488
10:01,143.00440796915225,8.09626575286085
10:02,143.21668786301092,8.190717724586445
10:03,143.42922955743597,8.284702502039538
10:04,143.64203307864042,8.378218215266383
10:05,143.85509843221206,8.471262995970127
10:06,144.06842560301095,8.563834977616398
10:07,144.28201455506735,8.655932295539616
10:08,144.49586523148122,8.747553087050688
10:09,144.70997755432265,8.838695491545565
10:10,144.9243514245335,8.929357650615106
10:11,145.13898672183078,9.019537708156001
10:12,145.353883304611,9.109233810482845
10:13,145.56904100985582,9.19844410644106
10:14,145.78445965303942,9.28716674752113
10:15,146.0001390280373,9.37539988797386
10:16,146.21607890703623,9.463141684926509
10:17,146.43227904044662,9.550390298500272
10:18,146.64873915681574,9.637143891928568
10:19,146.86545896274302,9.72340063167646
10:20,147.082438142797,9.80915868756097
10:21,147.29967635943402,9.89441623287256
10:22,147.51717325291872,9.979171444497393
10:23,147.73492844124695,10.063422503040906
10:24,147.95294152006974,10.147167592951988
10:25,148.17121206261967,10.230404902648148
10:26,148.3897396196399,10.313132624642018
10:27,148.60852371931426,10.395348955668291
10:28,148.82756386720013,10.47705209681181
10:29,149.04685954616332,10.558240253636498
10:30,149.26641021631545,10.638911636315267
10:31,149.48621531495294,10.719064459760496
10:32,149.7062742564993,10.798696943755742
10:33,149.92658643244923,10.877807313088027
10:34,150.14715121131536,10.956393797681068
10:35,150.3679679385772,11.034454632729076
10:36,150.58903593663308,11.111988058831619
10:37,150.81035450475457,11.188992322129137
10:38,151.03192291904352,11.265465674439131
10:39,151.25374043239142,11.341406373393086
10:40,151.47580627444196,11.416812682574054
10:41,151.6981196515567,11.491682871655204
10:42,151.92067974678307,11.56601521653872
10:43,152.14348571982487,11.639807999495282
10:44,152.3665367070167,11.713059509304447
10:45,152.58983182130117,11.785768041395588
10:46,152.81337015220788,11.857931897988955
10:47,153.0371507658379,11.92954938823809
10:48,153.26117270484886,12.000618828371936
10:49,153.485434988445,12.071138541838069
10:50,153.70993661236938,12.14110685944597
10:51,153.93467654890026,12.21052211951118
10:52,154.15965374684978,12.279382667999382
10:53,154.3848671315669,12.347686858671363
10:54,154.61031560494342,12.415433053228105
10:55,154.83599804542294,12.48261962145615
10:56,155.06191330801414,12.549244941373548
10:57,155.28806022430723,12.615307399375913
10:58,155.51443760249367,12.680805390382838
10:59,155.7410442273899,12.745737317984455
11:00,155.96787886046468,12.810101594588383
11:01,156.1949402398695,12.873896641566601
11:02,156.4222270804738,12.937120889402806
11:03,156.6497380739027,12.999772777839592
11:04,156.87747188858003,13.061850756026057
11:05,157.1054271697732,13.123353282665077
11:06,157.3336025396436,13.184278826160977
11:07,157.56199659730035,13.24462586476707
11:08,157.79060791885766,13.304392886733181
11:09,158.01943505749637,13.363578390453062
11:10,158.24847654352916,13.422180884611814
11:11,158.4777308844708,13.480198888333247
11:12,158.70719656511085,13.537630931326927
11:13,158.93687204759183,13.594475554035233
11:14,159.16675577149016,13.650731307779948
11:15,159.39684615390266,13.706396754909
11:16,159.62714158953534,13.761470468942408
11:17,159.85764045079836,13.815951034718495
11:18,160.08834108790344,13.869837048539306
11:19,160.3192418289666,13.923127118315891
11:20,160.55034098011387,13.975819863713047
11:21,160.7816368255928,14.027913916293794
11:22,161.01312762788655,14.079407919663103
11:23,161.24481162783326,14.130300529611413
11:24,161.47668704474964,14.18059041425747
11:25,161.70875207655735,14.230276254190372
11:26,161.94100489991632,14.27935674261153
11:27,162.17344367035955,14.32783058547543
11:28,162.40606652243392,14.375696501630033
11:29,162.6388715698444,14.422953222956343
11:30,162.87185690560335,14.469599494507296
11:31,163.1050206021826,14.51563407464573
11:32,163.3383607116716,14.561055735181705
11:33,163.57187526593853,14.605863261508823
11:34,163.80556227679625,14.650055452739768
11:35,164.03941973617214,14.69363112184081
11:36,164.2734456162822,14.736589095765385
11:37,164.50763786980986,14.778928215586788
11:38,164.74199443008848,14.820647336629635
11:39,164.97651321128797,14.861745328600437
11:40,165.21119210860576,14.902221075716856
11:41,165.44602899846245,14.94207347683619
11:42,165.68102173870068,14.981301445582256
11:43,165.9161681687888,15.019903910471411
11:44,166.15146611002788,15.057879815037076
11:45,166.3869133657642,15.095228117953237
11:46,166.62250772160363,15.13194779315633
11:47,166.85824694563246,15.16803782996613
11:48,167.09412878864026,15.203497233204997
11:49,167.33015098434797,15.238325023315847
11:50,167.56631124963877,15.27252023647859
11:51,167.80260728479428,15.306081924725214
11:52,168.0390367737329,15.339009156053228
11:53,168.27559738425364,15.371301014537654
11:54,168.5122867682828,15.402956600441472
11:55,168.74910256212365,15.433975030324245
11:56,168.9860423867122,15.464355437149486
11:57,169.22310384787397,15.494096970390004
11:58,169.46028453658585,15.523198796131727
11:59,169.69758202924112,15.551660097175738
12:00,169.93499388791838,15.579480073138683
12:01,170.17251766065235,15.606657940551067
12:02,170.41015088171102,15.633192932954213
12:03,170.64789107187292,15.659084300994904
12:04,170.88573573871008,15.684331312518477
12:05,171.12368237687284,15.708933252659872
12:06,171.36172846837832,15.732889423932733
12:07,171.59987148290193,15.756199146316643
12:08,171.83810887807252,15.778861757342327
12:09,172.0764380997693,15.800876612174855
12:10,172.31485658242227,15.822243083694747
12:11,172.55336174931628,15.842960562577177
12:12,172.7919510128966,15.863028457368904
12:13,173.03062177507815,15.882446194563261
12:14,173.2693714275565,15.901213218672895
12:15,173.50819735212275,15.919328992300425
12:16,173.74709692097903,15.936792996206869
12:17,173.9860674970586,15.953604729377972
12:18,174.22510643434657,15.969763709088195
12:19,174.464211078204,15.985269470962592
12:20,174.70337876569306,16.000121569036285
12:21,174.94260682590576,16.014319575811836
12:22,175.1818925802935,16.02786308231418
12:23,175.42123334299927,16.04075169814336
12:24,175.6606264211913,16.052985051524853
12:25,175.90006911539868,16.06456278935758
12:26,176.1395587198492,16.075484577259612
12:27,176.37909252280767,16.085750099611424
12:28,176.618667806917,16.09535905959681
12:29,176.8582818495396,16.104311179241407
12:30,177.0979319231017,16.112606199448777
12:31,177.3376152954365,16.120243880034067
12:32,177.57732923013165,16.127223999755326
12:33,177.81707098687494,16.13354635634221
12:34,178.05683782180284,16.139210766522417
12:35,178.2966269878495,16.144217066045517
12:36,178.53643573509584,16.148565109704414
12:37,178.7762613111205,16.15225477135431
12:38,179.01610096135096,16.15528594392912
12:39,179.25595192941523,16.1576585394555
12:40,179.49581145749335,16.159372489064335
12:41,179.7356767866709,16.16042774299973
12:42,179.9755451572911,16.16082427062551
12:43,180.2154138093084,16.16056206042925
12:44,180.45527998264066,16.15964112002376
12:45,180.69514091752356,16.158061476146077
12:46,180.93499385486228,16.155823174654003
12:47,181.1748360365854,16.152926280520095
12:48,181.41466470599693,16.149370877823156
12:49,181.6544771081289,16.145157069737277
12:50,181.8942704900928,16.14028497851834
12:51,182.134042101431,16.134754745488078
12:52,182.37378919446724,16.128566531015583
12:53,182.61350902465682,16.12172051449644
12:54,182.85319885093526,16.114216894329306
12:55,183.09285593606646,16.10605588789007
12:56,183.33247754699013,16.097237731503544
12:57,183.57206095516793,16.087762680412702
12:58,183.81160343692784,16.077631008745534
12:59,184.05110227380817,16.06684300947941
13:00,184.29055475290005,16.055398994403053
13:01,184.52995816718737,16.04329929407616
13:02,184.7693098158872,16.030544257786566
13:03,185.0086070047867,16.017134253505073
13:04,185.24784704657964,16.00306966783789
13:05,185.4870272612001,15.98835090597678
13:06,185.72614497615527,15.97297839164684
13:07,185.96519752685563,15.956952567051971
13:08,186.20418225694354,15.940273892818032
13:09,186.44309651861934,15.922942847933792
13:10,186.68193767296535,15.904959929689547
13:11,186.920703090268,15.88632565361353
13:12,187.15939015033743,15.86704055340606
13:13,187.3979962428241,15.84710518087158
13:14,187.63651876753363,15.82652010584845
13:15,187.8749551347393,15.805285916136556
13:16,188.1133027654904,15.783403217422896
13:17,188.35155909192002,15.760872633204917
13:18,188.58972155754833,15.737694804711861
13:19,188.82778761758405,15.71387039082404
13:20,189.0657547392223,15.68940006798998
13:21,189.30362040194004,15.664284530141739
13:22,189.54138209778807,15.638524488608
13:23,189.7790373316804,15.612120672025373
13:24,190.01658362167996,15.585073826247717
13:25,190.25401849928096,15.557384714253585
13:26,190.49133950968906,15.529054116051675
13:27,190.72854421209703,15.500082828584517
13:28,190.96563017995737,15.470471665630399
13:29,191.2025950012517,15.440221457703373
13:30,191.4394362787568,15.409333051951522
13:31,191.67615163030604,15.377807312053637
13:32,191.91273868904898,15.345645118113943
13:33,192.14919510370575,15.312847366555365
13:34,192.38551853881873,15.279414970011024
13:35,192.62170667499979,15.245348857214223
13:36,192.8577572091744,15.210649972886733
13:37,193.09366785482146,15.175319277625679
13:38,193.3294363422098,15.139357747788743
13:39,193.56506041863008,15.102766375378012
13:40,193.80053784862324,15.065546167922408
13:41,194.03586641420517,15.027698148358514
13:42,194.27104391508718,14.989223354910171
13:43,194.50606816889203,14.95012284096674
13:44,194.74093701136667,14.910397674959967
13:45,194.97564829659075,14.870048940239528
13:46,195.21019989718013,14.82907773494759
13:47,195.44458970448787,14.787485171891726
13:48,195.67881562879975,14.74527237841709
13:49,195.91287559952636,14.70244049627709
13:50,196.14676756539058,14.658990681503242
13:51,196.38048949461108,14.61492410427376
13:52,196.61403937508183,14.570241948781193
13:53,196.84741521454703,14.524945413098967
13:54,197.08061504077207,14.47903570904708
13:55,197.3136369017097,14.432514062056855
13:56,197.54647886566318,14.385381711034634
13:57,197.7791390214439,14.337639908224725
13:58,198.0116154785254,14.289289919071596
13:59,198.24390636719295,14.240333022081169
14:00,198.47600983868912,14.190770508681243
14:01,198.70792406535443,14.140603683081572
14:02,198.93964724076477,14.089833862132773
14:03,199.17117757986375,14.038462375184942
14:04,199.40251331909113,13.986490563945425
14:05,199.63365271650687,13.933919782336233
14:06,199.86459405191113,13.880751396350659
14:07,200.09533562695987,13.826986783909527
14:08,200.32587576527655,13.772627334716915
14:09,200.55621281255915,13.717674450115428
14:10,200.78634513668317,13.662129542941162
14:11,201.0162711278009,13.605994037378043
14:12,201.24598919843626,13.549269368812
14:13,201.47549778357495,13.491956983684869
14:14,201.70479534075133,13.43405833934789
14:15,201.93388035013098,13.375574903914922
14:16,202.16275131458852,13.316508156115727
14:17,202.39140675978257,13.25685958514862
14:18,202.6198452342257,13.196630690533382
14:19,202.84806530935086,13.135822981963786
14:20,203.0760655795735,13.07443797916022
14:21,203.30384466235026,13.0124772117221
14:22,203.531401198233,12.949942218980375
14:23,203.75873385092,12.88683454984989
14:24,203.98584130730222,12.823155762682
14:25,204.21272227750606,12.758907425117119
14:26,204.43937549493302,12.694091113937276
14:27,204.66579971629477,12.62870841491895
14:28,204.89199372164478,12.56276092268603
14:29,205.11795631440623,12.496250240562926
14:30,205.34368632139666,12.429177980427804
14:31,205.56918259284805,12.361545762566355
14:32,205.7944440024246,12.293355215525391
14:33,206.019469447236,12.224607975967151
14:34,206.24425784784768,12.155305688523587
14:35,206.46880814828737,12.08545000565132
14:36,206.69311931604838,12.015042587486708
14:37,206.9171903420895,11.944085101701452
14:38,207.14102024083175,11.872579223358533
14:39,207.36460805015147,11.800526634768676
14:40,207.5879528313702,11.727929025347363
14:41,207.81105366924194,11.654788091472078
14:42,208.03390967193687,11.581105536340294
14:43,208.25651997102165,11.506883069828007
14:44,208.47888372143717,11.432122408348732
14:45,208.70100010147334,11.356825274713087
14:46,208.92286831274012,11.280993397989201
14:47,209.14448758013688,11.204628513363401
14:48,209.36585715181783,11.127732362001856
14:49,209.58697629915542,11.050306690912727
14:50,209.80784431670008,10.972353252809116
14:51,210.0284605221383,10.893873805972694
14:52,210.2488242562471,10.814870114118023
14:53,210.46893488284672,10.735343946257608
14:54,210.68879178875002,10.655297076567882
14:55,210.90839438370955,10.574731284255913
14:56,211.12774210036272,10.49364835342671
14:57,211.34683439417395,10.412050072951624
14:58,211.5656707433744,10.329938236337517
14:59,211.78425064889973,10.247314641596775
15:00,212.00257363432587,10.16418109111805
15:01,212.22063924580124,10.080539391538297
15:02,212.4384470519788,9.996391353615184
15:03,212.65599664394432,9.91173879210082
15:04,212.8732876351435,9.82658352561624
15:05,213.09031966130664,9.740927376526919
15:06,213.30709238037147,9.654772170819209
15:07,213.52360547240437,9.56811973797774
15:08,213.73985863951935,9.480971910863772
15:09,213.95585160579537,9.393330525594651
15:10,214.1715841171916,9.305197421424321
15:11,214.38705594146188,9.216574440624541
15:12,214.60226686806658,9.12746342836745
15:13,214.81721670808324,9.037866232609133
15:14,215.03190529411552,8.947784703974143
15:15,215.2463324802011,8.857220695641029
15:16,215.4604981417172,8.766176063229286
15:17,215.67440217528593,8.674652664686887
15:18,215.88804449867715,8.582652360179262
15:19,216.1014250507109,8.490177011979211
15:20,216.31454379115777,8.397228484358108
15:21,216.52740070063885,8.303808643477954
15:22,216.73999578052377,8.209919357284795
15:23,216.95232905282853,8.115562495403038
15:24,217.16440056011126,8.020739929031103
15:25,217.37621036536743,7.925453530838274
15:26,217.5877585519245,7.8297051748622675
15:27,217.7990452233351,7.733496736408381
15:28,218.01007050326928,7.636830091949741
15:29,218.22083453540614,7.539707119028525
15:30,218.43133748332517,7.442129696158383
15:31,218.64157953039538,7.344099702728391
15:32,218.85156087966558,7.2456190189075125
15:33,219.06128175375267,7.146689525550835
15:34,219.27074239472995,7.047313104106625
15:35,219.4799430640144,6.947491636524835
15:36,219.68888404225396,6.84722700516652
15:37,219.8975656292139,6.7465210927146675
15:38,220.10598814366307,6.645375782086
15:39,220.31415192325957,6.543792956344168
15:40,220.52205732443574,6.44177449861416
15:41,220.7297047222836,6.339322291997561
15:42,220.93709451043966,6.236438219489307
15:43,221.14422710096892,6.133124163895667
15:44,221.35110292424946,6.0293820077532345
15:45,221.55772242885675,5.925213633249077
15:46,221.7640860814471,5.820620922142485
15:47,221.9701943666422,5.715605755687273
15:48,222.17604778691248,5.610170014555815
15:49,222.38164686246142,5.504315578763941
15:50,222.58699213110893,5.39804432759728
15:51,222.79208414817566,5.291358139538543
15:52,222.99692348636674,5.184258892196187
15:53,223.20151073565617,5.076748462234025
15:54,223.40584650317106,4.968828725302306
15:55,223.60993141307566,4.86050155596992
15:56,223.81376610645682,4.751768827657432
15:57,224.01735124120864,4.642632412571662
15:58,224.22068749191754,4.533094181641416
15:59,224.42377554974803,4.423156004454211
16:00,224.62661612232887,4.312819749194122
16:01,224.8292099336387,4.202087282581248
16:02,225.03155772389357,4.090960469811603
16:03,225.2336602494336,3.979441174498791
16:04,225.43551828261093,3.867531258616451
16:05,225.6371326116776,3.755232582442119
16:06,225.83850404067425,3.6425470045020027
16:07,226.03963338931953,3.529476381517047
16:08,226.24052149289975,3.416022568349929
16:09,226.44116920215936,3.3021874179534727
16:10,226.6415773831917,3.1879727813200613
16:11,226.8417469173311,3.0733805074319758
16:12,227.04167870104519,2.958412443213021
16:13,227.24137364582765,2.843070433481382
16:14,227.4408326780923,2.7273563209033864
16:15,227.64005673906786,2.6112719459482276
16:16,227.83904678469256,2.4948191468444194
16:17,228.03780378551107,2.3779997595363866
16:18,228.23632872657114,2.2608156176429564
16:19,228.43462260732144,2.1432685524164072
16:20,228.6326864415101,2.025360392702964
16:21,228.83052125708437,1.9070929649040707
16:22,229.02812809609117,1.788468092938827
16:23,229.2255080145784,1.669487598207437
16:24,229.42266208249725,1.5501532995557576
16:25,229.61959138360533,1.4304670132410617
16:26,229.81629701537125,1.31043055289828
16:27,230.01278008887982,1.1900457295077846
16:28,230.20904172873824,1.0693143513641126
16:29,230.4050830729834,0.9482382240455492
16:30,230.60090527299053,0.8268191503846516
16:31,230.79650949338213,0.7050589304402738
16:32,230.99189691193902,0.5829593614698343
16:33,231.1870687195118,0.46052223790315844
16:34,231.38202611993364,0.33774935131701256
16:35,231.57677032993396,0.21464249041079775
16:36,231.77130257905367,0.09120344098307809
16:37,231.96562410956125,-0.0325660140909055
16:38,232.1597361763703,-0.15666409488082123
16:39,232.35364004695793,-0.28108902442170336
16:40,232.54733700128426,-0.405839028733498
16:41,232.74082833171394,-0.5309123368400099
16:42,232.93411534293816,-0.6563071807865554
16:43,233.12719935189776,-0.7820217956566914
16:44,233.32008168770824,-0.9080544195882434
16:45,233.51276369158583,-1.0344032937884378
16:46,233.70524671677413,-1.1610666625476282
16:47,233.89753212847327,-1.288042773252985
16:48,234.08962130376943,-1.415329876400511
16:49,234.28151563156607,-1.542926225606676
16:50,234.47321651251607,-1.670830077618798
16:51,234.66472535895588,-1.7990396923248815
16:52,234.85604359484037,-1.927553332762383
16:53,235.04717265567942,-2.056369265126292
16:54,235.2381139884757,-2.1854857587761636
16:55,235.4288690516636,-2.314901086242265
16:56,235.61943931505016,-2.444613523231326
16:57,235.80982625975685,-2.574621348631014
16:58,236.00003137816282,-2.704922844513638
16:59,236.1900561738496,-2.8355162961391556
17:00,236.3799021615475,-2.9663999919574957
17:01,236.5695708670827,-3.097572223609515
17:02,236.75906382732663,-3.22903128592797
17:03,236.9483825901461,-3.3607754769369707
17:04,237.1375287143555,-3.492803097851159
17:05,237.32650376966964,-3.6251124530736445
17:06,237.51530933665867,-3.757701850193569
17:07,237.70394700670428,-3.890569599982615
17:08,237.8924183819575,-4.023714016391046
17:09,238.08072507529755,-4.157133416542563
17:10,238.2688687102927,-4.2908261207288225
17:11,238.45685092116202,-4.424790452402789
17:12,238.6446733527394,-4.559024738171968
17:13,238.83233766043833,-4.693527307790134
17:14,239.01984551021854,-4.828296494148921
17:15,239.20719857855408,-4.963330633268274
17:16,239.39439855240292,-5.098628064286561
17:17,239.58144712917806,-5.2341871294496505
17:18,239.76834601672016,-5.370006174099384
17:19,239.9550969332717,-5.506083546661459
17:20,240.1417016074527,-5.64241759863233
17:21,240.32816177823784,-5.779006684565691
17:22,240.51447919493526,-5.915849162058056
17:23,240.70065561716711,-6.052943391733899
17:24,240.88669281485102,-6.190287737229744
17:25,241.07259256818395,-6.327880565177959
17:26,241.25835666762654,-6.46572024518937
17:27,241.44398691389054,-6.60380514983605
17:28,241.6294851179262,-6.742133654632406
17:29,241.81485310091227,-6.880704138016393
17:30,242.00009269424717,-7.019514981329556
17:31,242.18520573954194,-7.1585645687968675
17:32,242.3701940886146,-7.297851287505516
17:33,242.55505960348617,-7.43737352738322
17:34,242.73980415637843,-7.577129681175991
17:35,242.92442962971293,-7.717118144424968
17:36,243.10893791611193,-7.85733731544287
17:37,243.29333091840084,-7.997785595289714
17:38,243.47761054961228,-8.13846138774798
17:39,243.66177873299162,-8.27936309929692
17:40,243.84583740200452,-8.420489139086563
17:41,244.02978850034532,-8.5618379189106
17:42,244.21363398194822,-8.703407853179481
17:43,244.397375810999,-8.845197358891943
17:44,244.58101596194894,-8.987204855606558
17:45,244.76455641953027,-9.129428765412305
17:46,244.94799917877322,-9.271867512898899
17:47,245.13134624502476,-9.414519525126119
17:48,245.31459963396907,-9.557383231592768
17:49,245.49776137164937,-9.700457064205004
17:50,245.68083349449194,-9.84373945724392
17:51,245.86381804933106,-9.987228847332688
17:52,246.04671709343648,-10.130923673403005
17:53,246.22953269454183,-10.274822376660993
17:54,246.41226693087515,-10.418923400552446
17:55,246.59492189119098,-10.563225190727575
17:56,246.7774996748038,-10.70772619500485
17:57,246.96000239162407,-10.852424863334837
17:58,247.14243216219484,-10.99731964776281
17:59,247.32479111773102,-11.142409002391247
18:00,247.5070814001594,-11.28769138334119
18:01,247.68930516216153,-11.433165248713747
18:02,247.87146456721734,-11.578829058550383
18:03,248.05356178965087,-11.72468127479286
18:04,248.23559901467792,-11.870720361242586
18:05,248.41757843845483,-12.016944783519317
18:06,248.59950226812973,-12.163353009019318
18:07,248.78137272189508,-12.309943506872905
18:08,248.96319202904198,-12.456714747901358
18:09,249.1449624300164,-12.603665204573325
18:10,249.3266861764771,-12.750793350960638
18:11,249.50836553135503,-12.898097662693171
18:12,249.69000276891524,-13.045576616913884
18:13,249.87160017481966,-13.193228692232426
18:14,250.05316004619254,-13.34105236867873
18:15,250.23468469168654,-13.489046127655483
18:16,250.41617643155197,-13.637208451890661
18:17,250.59763759770698,-13.78553782538892
18:18,250.77907053380954,-13.934032733382534
18:19,250.96047759533172,-14.082691662281807
18:20,251.14186114963513,-14.231513099624769
18:21,251.32322357604903,-14.380495534026396
18:22,251.5045672659494,-14.529637455127062
18:23,251.68589462284052,-14.678937353540457
18:24,251.8672080624379,-14.828393720800902
18:25,252.04851001275364,-14.978005049310116
18:26,252.22980291418276,-15.12776983228293
18:27,252.41108921959238,-15.277686563693115
18:28,252.5923713944124,-15.427753738218003
18:29,252.77365191672766,-15.577969851182663
18:30,252.95493327737233,-15.728333398503244
18:31,253.13621798002657,-15.8788428766302
18:32,253.31750854131445,-16.02949678249031
18:33,253.49880749090408,-16.180293613428365
18:34,253.68011737160967,-16.33123186714802
18:35,253.86144073949544,-16.482310041652184
18:36,254.04278016398163,-16.6335266351826
18:37,254.2241382279522,-16.784880146158862
18:38,254.40551752786482,-16.936369073116634
18:39,254.58692067386232,-17.087991914645375
18:40,254.76835028988677,-17.239747169325263
18:41,254.9498090137949,-17.391633335663336
18:42,255.13129949747588,-17.543648912029294
18:43,255.31282440697132,-17.695792396590278
18:44,255.49438642259656,-17.8480622872451
18:45,255.67598823906442,-18.000457081557506
18:46,255.85763256561125,-18.15297527668933
18:47,256.0393221261245,-18.305615369332312
18:48,256.2210596592725,-18.458375855639467
18:49,256.40284791863655,-18.611255231155752
18:50,256.58468967284455,-18.76425199074789
18:51,256.76658770570737,-18.917364628533523
18:52,256.9485448163565,-19.07059163780958
18:53,257.13056381938475,-19.223931510979966
18:54,257.31264754498807,-19.377382739482364
18:55,257.4947988391103,-19.530943813714398
18:56,257.67702056358917,-19.684613222958795
18:57,257.85931559630575,-19.838389455308153
18:58,258.04168683133446,-19.99227099758855
18:59,258.2241371790965,-20.146256335282605
19:00,258.40666956651444,-20.30034395245127
19:01,258.58928693717013,-20.45453233165562
19:02,258.77199225146364,-20.60881995387706
19:03,258.95478848677504,-20.763205298437022
19:04,259.13767863762826,-20.91768684291582
19:05,259.32066571585705,-21.072263063070604
19:06,259.5037527507734,-21.226932432752427
19:07,259.68694278933765,-21.381693423822483
19:08,259.8702388963318,-21.536544506067482
19:09,260.0536441545339,-21.69148414711411
19:10,260.2371616648956,-21.846510812342576
19:11,260.4207945467215,-22.001622964799118
19:12,260.604545937851,-22.156819065107985
19:13,260.78841899484246,-22.312097571382076
19:14,260.97241689315945,-22.46745693913285
19:15,261.1565428273591,-22.622895621178984
19:16,261.34080001128365,-22.778412067554733
19:17,261.5251916782535,-22.934004725416557
19:18,261.7097210812628,-23.089672038949153
19:19,261.8943914931773,-23.245412449270507
19:20,262.079206206935,-23.401224394335724
19:21,262.2641685357485,-23.557106308840073
19:22,262.44928181331045,-23.713056624120807
19:23,262.6345493940005,-23.869073768058026
19:24,262.8199746530954,-24.025156164974447
19:25,263.00556098698144,-24.181302235534236
19:26,263.1913118133682,-24.337510396640255
19:27,263.37723057150663,-24.493779061331104
19:28,263.5633207224077,-24.65010663867615
19:29,263.74958574906464,-24.80649153366998
19:30,263.9360291566767,-24.96293214712527
19:31,264.1226544728766,-25.11942687556512
19:32,264.30946524795905,-25.275974111113666
19:33,264.4964650551124,-25.43257224138565
19:34,264.683657490653,-25.589219649374915
19:35,264.8710461742611,-25.745914713341527
19:36,265.0586347492203,-25.902655806697844
19:37,265.2464268826585,-26.05944129789311
19:38,265.4344262657921,-26.21626955029699
19:39,265.6226366141719,-26.373138922081655
19:40,265.8110616679321,-26.53004776610281
19:41,265.9997051920414,-26.686994429778938
19:42,266.1885709765567,-26.843977254969932
19:43,266.37766283687944,-27.000994577853742
19:44,266.5669846140138,-27.15804472880195
19:45,266.7565401748277,-27.31512603225373
19:46,266.94633341231713,-27.47223680658896
19:47,267.13636824587104,-27.62937536399922
19:48,267.3266486215405,-27.786540010357854
19:49,267.5171785123092,-27.943729045088315
19:50,267.7079619183669,-28.100940761031154
19:51,267.899002867385,-28.2581734443095
19:52,268.09030541479467,-28.415425374193045
19:53,268.28187364406773,-28.572694822960408
19:54,268.47371166699924,-28.72998005576011
19:55,268.665823623993,-28.88727933046988
19:56,268.85821368434904,-29.04459089755419
19:57,269.05088604655424,-29.201912999920726
19:58,269.2438449385742,-29.359243872774652
19:59,269.4370946181484,-29.516581743471566
20:00,269.63063937308686,-29.673924831368414
20:01,269.82448352157,-29.83127134767341
20:02,270.01863141244996,-29.98861949529352
20:03,270.2130874255546,-30.145967468680567
20:04,270.4078559719935,-30.303313453675575
20:05,270.6029414944666,-30.4606556273512
20:06,270.79834846757444,-30.617992157852527
20:07,270.9940813981306,-30.77532120423592
20:08,271.190144825477,-30.932640916306124
20:09,271.38654332180016,-31.089949434451405
20:10,271.5832814924506,-31.24724488947697
20:11,271.78036397626306,-31.40452540243607
20:12,271.97779544587996,-31.561789084459875
20:13,272.17558060807585,-31.719034036584677
20:14,272.37372420408417,-31.876258349577647
20:15,272.57223100992525,-32.03346010375997
20:16,272.7711058367374,-32.190637368828845
20:17,272.970353531108,-32.34778820367659
20:18,273.1699789754078,-32.504910656208175
20:19,273.36998708812575,-32.662002763156366
20:20,273.5703828242059,-32.81906254989503
20:21,273.771171175386,-32.97608803025004
20:22,273.97235717053644,-33.13307720630815
20:23,274.17394587600216,-33.290028068223585
20:24,274.37594239594443,-33.44693859402259
20:25,274.5783518726847,-33.603806749405535
20:26,274.78117948704875,-33.76063048754664
20:27,274.9844304587129,-33.91740774889197
20:28,275.18811004655026,-34.07413646095448
20:29,275.3922235489784,-34.23081453810704
20:30,275.5967763043071,-34.38743988137287
20:31,275.80177369108793,-34.54401037821404
20:32,276.0072211284628,-34.70052390231705
20:33,276.21312407651436,-34.8569783133762
20:34,276.41948803661586,-35.01337145687445
20:35,276.62631855178137,-35.16970116386182
20:36,276.83362120701634,-35.32596525073132
20:37,277.0414016296679,-35.482161518992186
20:38,277.24966548977454,-35.638287755040665
20:39,277.4584185004164,-35.79434172992824
20:40,277.66766641806447,-35.9503211991273
20:41,277.8774150429283,-36.10622390229366
20:42,278.08767021930504,-36.26204756302742
20:43,278.2984378359255,-36.41778988863021
20:44,278.5097238263,-36.57344856986016
20:45,278.72153416906224,-36.729021280683924
20:46,278.93387488831297,-36.88450567802651
20:47,279.1467520539603,-37.039899401517474
20:48,279.3601717820591,-37.19520007323518
20:49,279.5741402351481,-37.35040529744749
20:50,279.7886636225844,-37.505512660350284
20:51,280.0037482008757,-37.66051972980266
20:52,280.2194002740095,-37.81542405505954
20:53,280.4356261937793,-37.97022316650116
20:54,280.65243236010764,-38.124914575359895
20:55,280.86982522136543,-38.27949577344406
20:56,281.0878112746872,-38.43396423285846
20:57,281.306397066283,-38.5883174057227
20:58,281.52558919174487,-38.74255272388583
20:59,281.7453942963495,-38.89666759863834
21:00,281.96581907535506,-39.050659420420885
21:01,282.1868702742936,-39.20452555853064
21:02,282.40855468925673,-39.358263360823706
21:03,282.6308791671763,-39.51187015341533
21:04,282.85385060609786,-39.66534324037641
21:05,283.07747595544754,-39.81867990342749
21:06,283.3017622162925,-39.97187740162931
21:07,283.52671644159284,-40.12493297107054
21:08,283.75234573644605,-40.277843824552264
21:09,283.9786572583232,-40.43060715126954
21:10,284.20565821729616,-40.58322011648982
21:11,284.4333558762553,-40.73567986122815
21:12,284.6617575511183,-40.88798350191978
21:13,284.89087061102765,-41.040128130089144
21:14,285.12070247853865,-41.1921108120162
21:15,285.3512606297945,-41.34392858839918
21:16,285.58255259469223,-41.495578474015225
21:17,285.8145859570335,-41.647057457377
21:18,286.0473683546645,-41.798362500387
21:19,286.28090747960204,-41.94949053798844
21:20,286.5152110781449,-42.10043847781339
21:21,286.75028695097126,-42.251203199827884
21:22,286.986142953221,-42.40178155597415
21:23,287.2227869945613,-42.552170369809865
21:24,287.4602270392362,-42.70236643614456
21:25,287.698471106099,-42.85236652067323
21:26,287.937527268626,-43.002167359606965
21:27,288.17740365491255,-43.15176565930132
21:28,288.4181084476485,-43.30115809588122
21:29,288.6596498840742,-43.45034131486391
21:30,288.9020362559148,-43.59931193077855
21:31,289.14527590929373,-43.74806652678421
21:32,289.38937724462176,-43.89660165428426
21:33,289.6343487164644,-44.044913832539265
21:34,289.88019883338313,-44.19299954827683
21:35,290.1269361577526,-44.34085525529952
21:36,290.37456930555044,-44.48847737409036
21:37,290.62310694612034,-44.63586229141637
21:38,290.8725578019069,-44.78300635992977
21:39,291.1229306481607,-44.929905897767476
21:40,291.3742343126137,-45.07655718814857
21:41,291.6264776751219,-45.222956478969884
21:42,291.8796696672782,-45.369099982400435
21:43,292.13381927198793,-45.51498387447349
21:44,292.3889355230131,-45.66060429467807
21:45,292.64502750447775,-45.80595734554824
21:46,292.90210435033885,-45.95103909225222
21:47,293.1601752438167,-46.095845562179655
21:48,293.4192494167866,-46.24037274452834
21:49,293.6793361491294,-46.384616589890165
21:50,293.94044476804015,-46.528573009836634
21:51,294.20258464729227,-46.67223787650363
21:52,294.46576520645783,-46.815607022176394
21:53,294.7299959100803,-46.958676238874055
21:54,294.9952862668006,-47.10144127793472
21:55,295.26164582843285,-47.243897849600586
21:56,295.5290841889898,-47.38604162260368
21:57,295.79761098365657,-47.527868223752776
21:58,296.06723588770865,-47.66937323752076
21:59,296.337968615377,-47.81055220563377
22:00,296.60981891865333,-47.95140062666125
22:01,296.8827965860395,-48.091913955608774
22:02,297.1569114412342,-48.232087603511786
22:03,297.43217334175904,-48.37191693703253
22:04,297.7085921775199,-48.511397278059036
22:05,297.9861778693037,-48.65052390330765
22:06,298.2649403672069,-48.789292043928135
22:07,298.54488964899593,-48.92769688511299
22:08,298.8260357183955,-49.065733565710104
22:09,299.10838860330546,-49.20339717784035
22:10,299.39195835394196,-49.34068276651928
22:11,299.6767550409026,-49.47758532928404
22:12,299.9627887531533,-49.61409981582589
22:13,300.2500695959343,-49.75022112762833
22:14,300.5386076885846,-49.88594411761165
22:15,300.828413162281,-50.0212635897839
22:16,301.1194961576925,-50.156174298899614
22:17,301.4118668225452,-50.290670950125424
22:18,301.7055353090976,-50.42474819871436
22:19,302.0005117715234,-50.55840064968832
22:20,302.2968063632006,-50.69162285753014
22:21,302.5944292339035,-50.82440932588478
22:22,302.8933905268978,-50.956754507271185
22:23,303.1937003759342,-51.0886528028045
22:24,303.4953689021404,-51.22009856193002
22:25,303.79840621080893,-51.351086082168734
22:26,304.1028223880784,-51.48160960887556
22:27,304.40862749750715,-51.61166333501088
22:28,304.71583157653635,-51.741241400925766
22:29,305.02444463284104,-51.870337894161636
22:30,305.3344766405673,-51.998946849265145
22:31,305.6459375364544,-52.12706224761925
22:32,305.9588372158381,-52.25467801729039
22:33,306.2731855285351,-52.381788032893255
22:34,306.58899227460665,-52.50838611547372
22:35,306.90626719999887,-52.63446603241046
22:36,307.22501999205883,-52.76002149733632
22:37,307.54526027492454,-52.88504617008013
22:38,307.86699760478734,-53.00953365662981
22:39,308.1902414650257,-53.13347750911754
22:40,308.5150012612078,-53.256871225828036
22:41,308.84128631596366,-53.37970825123046
22:42,309.16910586372376,-53.50198197603548
22:43,309.4984690453243,-53.62368573727751
22:44,309.8293849024776,-53.74481281842395
22:45,310.16186237210593,-53.86535644951152
22:46,310.49591028054135,-53.985309807311594
22:47,310.83153733758627,-54.104666015524536
22:48,311.1687521304381,-54.22341814500464
22:49,311.5075631174757,-54.34155921401655
22:50,311.8479786219084,-54.45908218852394
22:51,312.1900068252872,-54.57597998251176
22:52,312.53365576087856,-54.69224545834304
22:53,312.878933306901,-54.80787142715089
22:54,313.2258471796256,-54.922850649267446
22:55,313.57440492634015,-55.037175834690146
22:56,313.9246139181795,-55.15083964358679
22:57,314.27648134282185,-55.26383468684037
22:58,314.6300141970537,-55.37615352663459
22:59,314.98521927920444,-55.487788677081426
23:00,315.34210318145176,-55.598732604891296
23:01,315.7006722820038,-55.708977730087845
23:02,316.06093273715476,-55.818516426767104
23:03,316.42289047322214,-55.92734102390337
23:04,316.7865511783656,-56.035443806201805
23:05,317.1519202942926,-56.142817014999814
23:06,317.51900300785246,-56.249452849217136
23:07,317.88780424252604,-56.35534346635673
23:08,318.25832864981203,-56.46048098355654
23:09,318.63058060051776,-56.564857478694
23:10,319.00456417595683,-56.66846499154347
23:11,319.38028315906115,-56.771295524987956
23:12,319.757741025413,-56.873341046286185
23:13,320.13694093420156,-56.97459348839547
23:14,320.5178857191132,-57.075044751351655
23:15,320.90057787915987,-57.174686703706506
23:16,321.2850195694564,-57.27351118402419
23:17,321.67121259195045,-57.37151000243635
23:18,322.0591583861168,-57.46867494225768
23:19,322.4488580196232,-57.564997761661914
23:20,322.84031217897683,-57.66047019541914
23:21,323.23352116016156,-57.75508395669499
23:22,323.62848485927503,-57.84883073891201
23:23,324.02520276317716,-57.94170221767401
23:24,324.42367394016003,-58.03369005275344
23:25,324.8238970306505,-58.12478589014225
23:26,325.2258702379571,-58.21498136416634
23:27,325.62959131907473,-58.30426809966429
23:28,326.0350575755572,-58.39263771422956
23:29,326.44226584447233,-58.480081820516894
23:30,326.85121248945245,-58.56659202861266
23:31,327.2618933918541,-58.65215994846885
23:32,327.6743039420406,-58.73677719240058
23:33,328.0884390308021,-58.82043537764654
23:34,328.5042930409279,-58.90312612899233
23:35,328.92185983894734,-58.98484108145578
23:36,329.34113276705114,-59.06557188303364
23:37,329.76210463521386,-59.145310197509026
23:38,330.184767713529,-59.22404770731857
23:39,330.6091137247763,-59.30177611647838
23:40,331.0351338372343,-59.37848715356753
23:41,331.4628186577581,-59.45417257476801
23:42,331.892158225138,-59.52882416695993
23:43,332.3231420037539,-59.602433750869864
23:44,332.7557588775452,-59.674993184271415
23:45,333.18999714431163,-59.74649436523585
23:46,333.62584451036344,-59.81692923543111
23:47,334.06328808553593,-59.88628978346713
23:48,334.502314378587,-59.95456804828522
23:49,334.9429092929942,-60.02175612258942
23:50,335.3850581231675,-60.087846156317426
23:51,335.82874555109464,-60.15283036014829
23:52,336.2739556434361,-60.21670100904462
23:53,336.72067184908303,-60.279450445826065
23:54,337.1688769971985,-60.341071084771535
23:55,337.61855329575127,-60.401555415246925
23:56,338.0696823305624,-60.46089600535493
23:57,338.5222450648763,-60.519085505604366
23:58,338.9762218394695,-60.576116652594465
23:59,339.43159237331224,-60.631982272711895